1
0  0.00000   0.000000   0.1 5.0 5.0 5.0 0 0 0    0  1


10
1 0.00000 -30.000000 -120.000000 8.0 8.0 8.0 0 90  30   0  1
1 0.00000   0.000000 -120.000000 8.0 8.0 8.0 0  0   0   0  1
1 0.00000 +30.000000 -120.000000 8.0 8.0 8.0 0 90 -30   0  1
1 0.00000 -20.000000 -70.000000  8.0 8.0 8.0 0 -45 -45  0  1
1 0.00000 +25.000000 +40.000000  8.0 8.0 8.0 0 +45 +45  0  1
1 0.00000 -25.000000 +40.000000  8.0 8.0 8.0 0 -45 +45  0  1
1 0.00000 +20.000000 -70.000000  8.0 8.0 8.0 0 +45 -45  0  1
0 0.00000 -30.000000 -30.000000 10.0 10.0 10.0 0 0 0    0  1
0 0.00000   0.000000   0.000000 10.0 10.0 10.0 0 0 0    0  1
0 0.00000 +30.000000 -30.000000 10.0 10.0 10.0 0 0 0    0  1
Data format of cylindrical particles:
p_type (x,   y,   z)    magx magy magz  th0  th1  th2   Q0   e_in
